1
generate_random_closest_train_data
0.30485312228330463
0.31402960193043894
0.31463397583094377
0.31777696100989905
0.3210973659475377
******************************************************
generate_random_closest_train_data
0.3384476787129185
0.3403054514023103
0.340800633182893
0.3451527271351791
0.347201041960579
******************************************************


2
generate_hard_neg_train_data
0.18483615291631605
0.1859451023698626
0.1867532486586121
0.18713733990411963
0.19475067872582608
******************************************************
generate_hard_neg_train_data
0.21812139230416683
0.21823926568768504
0.22315270203072668
0.22825290253390296
0.23131536113570794
******************************************************


3
generate_random_embeddings_train_data
0.3278852282858512
0.5150055829146584
0.4488508008423929
0.46542754571180556
0.44642639974871456
******************************************************
generate_random_embeddings_train_data
0.43324354832525513
0.3813236889266566
0.4092442828379914
0.3859523443351145
0.3661294185701979
******************************************************


4
generate_random_closest_embeddings_sparse_train_data
0.5817533816891959
0.570639153188957
0.5688565407079974
0.5680656753835543
0.5549488707275517
******************************************************
generate_random_closest_embeddings_sparse_train_data
0.5443475896235705
0.5305227920143191
0.527694385158559
0.5156470699369261
0.5094185896460798
******************************************************